-66.36267204693479 -199.16372956978998 159.87733367094154
93.77385877948319 -17.492237943513004 -173.0791162763776
-61.52671623576279 -124.75431085502473 15.830845122931947
-73.19007308602252 38.203299693415715 7.873835474206459
111.41447317139972 149.6964748092438 -110.23229920254289
11.158293783640005 105.06079148822619 80.53750834835085
183.2845460587248 -9.643113786189161 -183.52258092297075
36.920542455155385 -29.101851497320126 6.092713977510925
93.8767110328535 -79.99818562530159 -127.60739949485611
-93.22866670805095 -3.652043704491973 -130.7754953032183
-59.90366781092317 158.8943750289444 -184.8579068372703
-110.77185476099807 137.84603636262113 -56.87948563481865
100.94896615144046 -26.86314772775046 166.55465453932499
182.84871304877458 17.762259536251264 99.35964379469408
115.96250515317223 -120.68532567751032 189.16091954305614
73.54161232042759 -147.22898159596687 137.1337102876792
59.86830300341177 -25.564188102342825 51.58140229777547
-175.8021947254802 -173.74821925565965 -102.123540437886
144.23074464418698 -34.135125427622086 185.24147288709213
-77.6291454241563 -21.947918616493837 -11.260925339463938
34.49390515193221 167.40880124001745 -146.24579561636563
118.6586385026888 133.34065129158603 -25.348672154497024
184.90039348116102 -55.1076998616729 36.180889195037565
70.6008625592313 -77.7139447079337 -19.466516207794996
134.0367749342729 43.1240673840409 -120.58637207164695
-120.94022709415783 100.77427629502262 23.97687393230123
-194.58549985302423 -97.37626062498093 21.868219811591075
-190.42893453495938 -121.65051810843988 23.409163020260138
152.98072643899712 156.00059270223989 -125.5632792390064
63.25842813289944 -25.077347424745255 12.390053343955998
-100.90442458964955 -198.90233423382693 157.10152896616165
41.0252329847597 -146.7807596975982 8.646404328550432
-18.050392725045583 -66.03485862242894 -39.86185645672276
-191.9149773330494 61.78077549827424 152.55061444420932
-114.60669328427926 -196.2891658123162 51.792125005636336
-1.0968751808927095 141.95580570063748 92.43651009082168
110.50856845345055 -152.52044723436234 158.97999953418093
163.88616920386676 133.24870320149518 100.01239732842618
111.74840084395743 -161.3068522378752 73.62467951125734
-67.11197442940932 -111.7889995868901 -171.79563055609597
47.947535820143116 -81.90637692566041 -191.6738121889927
-56.838031602218905 144.40901328368898 -12.522462004372414
-110.17496233466187 15.046490567095816 -159.52413689351417
-159.2945667015859 -149.16590985225025 -133.99562524013876
123.54530201349894 -104.9874853567112 6.147071754217052
-69.75112324990613 -117.47341670155515 -108.92356079777024
59.18072079729592 -112.28358009036769 -45.549917388390696
28.793181589004035 184.58256844176645 -26.81708138478723
186.9066922771214 117.81341176120162 -81.71360654791089
-184.82148472385484 88.60540291637176 -115.11466366935323
-153.85596390188817 79.63393203430354 -143.44393996473582
94.23204260796496 -182.7223979967572 -8.333120137964215
137.93800657407223 -16.02397722635908 65.29340822060038
-102.12622232156593 -81.33569422956901 -10.007808210324242
46.77031925486918 -183.44769796743634 161.3036841638002
-174.85208554108408 -119.03368142504007 -17.30278299313798
-51.13238832363277 -81.09834646772481 108.63517948337432
175.73172932732007 -81.324839962652 -8.731233714586494
-37.74913133969733 47.84429131584292 -55.87665337027835
190.3305641231994 29.875479438099887 40.35358187010357
154.90893906174136 81.85495409770994 44.21414342612681
62.4974995506509 -1.9683232428976112 -33.76718999212392
-37.32359469651277 164.47047800585722 -16.31098001823173
-161.5574113388525 46.86784463342954 -34.27868198252321
-70.22402426123469 -38.09605295740877 -121.80094595819054
-5.4495734966760665 -39.7282048842973 -139.2049199018021
-50.05444892635717 -132.14238538473504 -165.38498946632075
-33.4922150052864 -184.47869022435057 176.14839445138512
-101.77188970926406 155.59988877834536 -110.77585735849738
191.9755519034328 -145.04190070217203 41.951287380800125
199.66088649613613 163.76898547089132 -177.25243092762614
-134.2013455249811 -145.70712928120918 172.11856367414384
-75.77173652146402 -17.339571331701734 -123.2552032020264
75.47430800576825 114.0138286458236 -138.29358224141498
-26.400256041145894 72.63545507729629 -3.853428935129955
56.13710584137175 65.49846968704401 198.91333380598093
-78.09128302388801 60.29148546368572 -177.0179796683644
170.64787244149062 -35.31205451170746 -173.22632866976022
-74.42788330854376 -144.33310574426326 -19.952630851897254
181.85666296180284 127.35449501202095 -42.794167717375956
87.2787957594503 142.3104301699513 -53.94400624354569
199.87671254674416 16.351087557801776 162.43622645892344
99.46846108333648 -158.64342410744712 91.83726890040003
-62.50534219576275 150.94886080078493 -140.75891625962714
-185.58183679461405 -92.12334568520077 18.070258130503532
120.41783398819399 6.088982660307977 -56.99737171689233
-23.33800020845746 64.65957238399352 -103.82428653783924
22.751908449096447 -46.28301535092882 -68.5685290121099
137.25084693464913 178.93082821888555 128.35059007032993
-115.56562955276704 -122.67814477576042 -114.92394487792038
96.64395951300315 14.113522065511319 183.00985134134953
-140.67381139596165 -187.5859813460324 -60.23175800630466
58.88438135006015 186.13896593251786 -179.87492709654555
-76.52160138348414 104.85517997049436 -20.060300974825907
126.47764100722787 -52.907753368665766 155.29815809988065
-161.08471646428785 -186.21154067765903 103.11173531891615
29.408424345388966 -134.24933082775877 -87.33158393507728
-160.65857501052125 -19.28252528974275 52.59655922140061
76.93292558938714 -18.26422720167224 -20.322145605178576
2.112604663034034 -26.744765551073158 145.08062366110028
