200 4.898587196589413e-14 -200
-200 -4.898587196589413e-14 -200
199.3834667466256 15.69181914556895 -197.5
-199.3834667466256 -15.69181914556895 -197.5
197.53766811902753 31.286893008046224 -195
-197.53766811902753 -31.286893008046224 -195
194.47398407953534 46.68907277118104 -192.5
-194.47398407953534 -46.68907277118104 -192.5
190.2113032590307 61.803398874989526 -190
-190.2113032590307 -61.803398874989526 -190
184.7759065022573 76.53668647301808 -187.5
-184.7759065022573 -76.53668647301808 -187.5
178.20130483767355 90.79809994790939 -185
-178.20130483767355 -90.79809994790939 -185
170.52803287081838 104.49971294318989 -182.5
-170.52803287081838 -104.49971294318989 -182.5
161.80339887498945 117.55705045849467 -180
-161.80339887498945 -117.55705045849467 -180
152.08119312000622 129.88960966603668 -177.5
-152.08119312000622 -129.88960966603668 -177.5
141.42135623730948 141.42135623730954 -175
-141.42135623730948 -141.42135623730954 -175
129.8896096660368 152.08119312000616 -172.5
-129.8896096660368 -152.08119312000616 -172.5
117.55705045849459 161.8033988749895 -170
-117.55705045849459 -161.8033988749895 -170
104.49971294318968 170.5280328708185 -167.5
-104.49971294318968 -170.5280328708185 -167.5
90.79809994790932 178.2013048376736 -165
-90.79809994790932 -178.2013048376736 -165
76.53668647301784 184.77590650225739 -162.5
-76.53668647301784 -184.77590650225739 -162.5
61.80339887498945 190.21130325903073 -160
-61.80339887498945 -190.21130325903073 -160
46.68907277118113 194.4739840795353 -157.5
-46.68907277118113 -194.4739840795353 -157.5
31.286893008046135 197.53766811902756 -155
-31.286893008046135 -197.53766811902756 -155
15.691819145569042 199.3834667466256 -152.5
-15.691819145569042 -199.3834667466256 -152.5
-3.6739403974420595e-14 200 -150
3.6739403974420595e-14 -200 -150
-15.691819145569113 199.3834667466256 -147.5
15.691819145569113 -199.3834667466256 -147.5
-31.286893008046206 197.53766811902753 -145
31.286893008046206 -197.53766811902753 -145
-46.6890727711812 194.47398407953528 -142.5
46.6890727711812 -194.47398407953528 -142.5
-61.80339887498951 190.2113032590307 -140
61.80339887498951 -190.2113032590307 -140
-76.5366864730179 184.77590650225736 -137.5
76.5366864730179 -184.77590650225736 -137.5
-90.79809994790938 178.20130483767355 -135
90.79809994790938 -178.20130483767355 -135
-104.49971294318972 170.5280328708185 -132.5
104.49971294318972 -170.5280328708185 -132.5
-117.55705045849464 161.80339887498945 -130
117.55705045849464 -161.80339887498945 -130
-129.88960966603682 152.0811931200061 -127.5
129.88960966603682 -152.0811931200061 -127.5
-141.42135623730954 141.42135623730948 -125
141.42135623730954 -141.42135623730948 -125
-152.08119312000628 129.88960966603665 -122.5
152.08119312000628 -129.88960966603665 -122.5
-161.80339887498948 117.5570504584946 -120
161.80339887498948 -117.5570504584946 -120
-170.5280328708184 104.49971294318982 -117.5
170.5280328708184 -104.49971294318982 -117.5
-178.20130483767358 90.79809994790934 -115
178.20130483767358 -90.79809994790934 -115
-184.77590650225736 76.53668647301794 -112.5
184.77590650225736 -76.53668647301794 -112.5
-190.21130325903076 61.80339887498938 -110
190.21130325903076 -61.80339887498938 -110
-194.47398407953534 46.68907277118105 -107.5
194.47398407953534 -46.68907277118105 -107.5
-197.53766811902756 31.286893008046146 -105
197.53766811902756 -31.286893008046146 -105
-199.38346674662563 15.691819145568875 -102.5
199.38346674662563 -15.691819145568875 -102.5
-200 -2.4492935982947064e-14 -100
200 2.4492935982947064e-14 -100
-199.3834667466256 -15.691819145569013 -97.5
199.3834667466256 15.691819145569013 -97.5
-197.53766811902753 -31.286893008046196 -95
197.53766811902753 31.286893008046196 -95
-194.4739840795353 -46.6890727711811 -92.5
194.4739840795353 46.6890727711811 -92.5
-190.2113032590307 -61.803398874989504 -90
190.2113032590307 61.803398874989504 -90
-184.77590650225736 -76.53668647301798 -87.5
184.77590650225736 76.53668647301798 -87.5
-178.20130483767355 -90.79809994790938 -85
178.20130483767355 90.79809994790938 -85
-170.52803287081844 -104.49971294318978 -82.5
170.52803287081844 104.49971294318978 -82.5
-161.80339887498945 -117.55705045849464 -80
161.80339887498945 117.55705045849464 -80
-152.08119312000616 -129.88960966603676 -77.5
152.08119312000616 129.88960966603676 -77.5
-141.42135623730948 -141.4213562373095 -75
141.42135623730948 141.4213562373095 -75
-129.8896096660367 -152.08119312000622 -72.5
129.8896096660367 152.08119312000622 -72.5
-117.5570504584946 -161.80339887498948 -70
117.5570504584946 161.80339887498948 -70
-104.49971294318976 -170.52803287081846 -67.5
104.49971294318976 170.52803287081846 -67.5
-90.79809994790935 -178.20130483767358 -65
90.79809994790935 178.20130483767358 -65
-76.53668647301795 -184.77590650225736 -62.5
76.53668647301795 184.77590650225736 -62.5
-61.80339887498947 -190.21130325903073 -60
61.80339887498947 190.21130325903073 -60
-46.68907277118107 -194.47398407953534 -57.5
46.68907277118107 194.47398407953534 -57.5
-31.286893008046118 -197.53766811902756 -55
31.286893008046118 197.53766811902756 -55
-15.691819145568974 -199.3834667466256 -52.5
15.691819145568974 199.3834667466256 -52.5
1.2246467991473532e-14 -200 -50
-1.2246467991473532e-14 200 -50
15.691819145569 -199.3834667466256 -47.5
-15.691819145569 199.3834667466256 -47.5
31.286893008046185 -197.53766811902756 -45
-31.286893008046185 197.53766811902756 -45
46.689072771181095 -194.4739840795353 -42.5
-46.689072771181095 194.4739840795353 -42.5
61.80339887498949 -190.2113032590307 -40
-61.80339887498949 190.2113032590307 -40
76.53668647301797 -184.77590650225736 -37.5
-76.53668647301797 184.77590650225736 -37.5
90.79809994790938 -178.20130483767355 -35
-90.79809994790938 178.20130483767355 -35
104.49971294318978 -170.52803287081844 -32.5
-104.49971294318978 170.52803287081844 -32.5
117.55705045849463 -161.80339887498948 -30
-117.55705045849463 161.80339887498948 -30
129.88960966603676 -152.08119312000616 -27.5
-129.88960966603676 152.08119312000616 -27.5
141.4213562373095 -141.42135623730948 -25
-141.4213562373095 141.42135623730948 -25
152.0811931200062 -129.88960966603673 -22.5
-152.0811931200062 129.88960966603673 -22.5
161.80339887498948 -117.55705045849463 -20
-161.80339887498948 117.55705045849463 -20
170.52803287081846 -104.49971294318976 -17.5
-170.52803287081846 104.49971294318976 -17.5
178.20130483767358 -90.79809994790935 -15
-178.20130483767358 90.79809994790935 -15
184.77590650225736 -76.53668647301795 -12.5
-184.77590650225736 76.53668647301795 -12.5
190.2113032590307 -61.803398874989476 -10
-190.2113032590307 61.803398874989476 -10
194.4739840795353 -46.68907277118108 -7.5
-194.4739840795353 46.68907277118108 -7.5
197.53766811902756 -31.286893008046174 -5
-197.53766811902756 31.286893008046174 -5
199.3834667466256 -15.691819145568989 -2.5
-199.3834667466256 15.691819145568989 -2.5
200 0 0
-200 0 0
199.3834667466256 15.691819145568989 2.5
-199.3834667466256 -15.691819145568989 2.5
197.53766811902756 31.286893008046174 5
-197.53766811902756 -31.286893008046174 5
194.4739840795353 46.68907277118108 7.5
-194.4739840795353 -46.68907277118108 7.5
190.2113032590307 61.803398874989476 10
-190.2113032590307 -61.803398874989476 10
184.77590650225736 76.53668647301795 12.5
-184.77590650225736 -76.53668647301795 12.5
178.20130483767358 90.79809994790935 15
-178.20130483767358 -90.79809994790935 15
170.52803287081846 104.49971294318976 17.5
-170.52803287081846 -104.49971294318976 17.5
161.80339887498948 117.55705045849463 20
-161.80339887498948 -117.55705045849463 20
152.0811931200062 129.88960966603673 22.5
-152.0811931200062 -129.88960966603673 22.5
141.4213562373095 141.42135623730948 25
-141.4213562373095 -141.42135623730948 25
129.88960966603676 152.08119312000616 27.5
-129.88960966603676 -152.08119312000616 27.5
117.55705045849463 161.80339887498948 30
-117.55705045849463 -161.80339887498948 30
104.49971294318978 170.52803287081844 32.5
-104.49971294318978 -170.52803287081844 32.5
90.79809994790938 178.20130483767355 35
-90.79809994790938 -178.20130483767355 35
76.53668647301797 184.77590650225736 37.5
-76.53668647301797 -184.77590650225736 37.5
61.80339887498949 190.2113032590307 40
-61.80339887498949 -190.2113032590307 40
46.689072771181095 194.4739840795353 42.5
-46.689072771181095 -194.4739840795353 42.5
31.286893008046185 197.53766811902756 45
-31.286893008046185 -197.53766811902756 45
15.691819145569 199.3834667466256 47.5
-15.691819145569 -199.3834667466256 47.5
1.2246467991473532e-14 200 50
-1.2246467991473532e-14 -200 50
-15.691819145568974 199.3834667466256 52.5
15.691819145568974 -199.3834667466256 52.5
-31.286893008046118 197.53766811902756 55
31.286893008046118 -197.53766811902756 55
-46.68907277118107 194.47398407953534 57.5
46.68907277118107 -194.47398407953534 57.5
-61.80339887498947 190.21130325903073 60
61.80339887498947 -190.21130325903073 60
-76.53668647301795 184.77590650225736 62.5
76.53668647301795 -184.77590650225736 62.5
-90.79809994790935 178.20130483767358 65
90.79809994790935 -178.20130483767358 65
-104.49971294318976 170.52803287081846 67.5
104.49971294318976 -170.52803287081846 67.5
-117.5570504584946 161.80339887498948 70
117.5570504584946 -161.80339887498948 70
-129.8896096660367 152.08119312000622 72.5
129.8896096660367 -152.08119312000622 72.5
-141.42135623730948 141.4213562373095 75
141.42135623730948 -141.4213562373095 75
-152.08119312000616 129.88960966603676 77.5
152.08119312000616 -129.88960966603676 77.5
-161.80339887498945 117.55705045849464 80
161.80339887498945 -117.55705045849464 80
-170.52803287081844 104.49971294318978 82.5
170.52803287081844 -104.49971294318978 82.5
-178.20130483767355 90.79809994790938 85
178.20130483767355 -90.79809994790938 85
-184.77590650225736 76.53668647301798 87.5
184.77590650225736 -76.53668647301798 87.5
-190.2113032590307 61.803398874989504 90
190.2113032590307 -61.803398874989504 90
-194.4739840795353 46.6890727711811 92.5
194.4739840795353 -46.6890727711811 92.5
-197.53766811902753 31.286893008046196 95
197.53766811902753 -31.286893008046196 95
-199.3834667466256 15.691819145569013 97.5
199.3834667466256 -15.691819145569013 97.5
-200 2.4492935982947064e-14 100
200 -2.4492935982947064e-14 100
-199.38346674662563 -15.691819145568875 102.5
199.38346674662563 15.691819145568875 102.5
-197.53766811902756 -31.286893008046146 105
197.53766811902756 31.286893008046146 105
-194.47398407953534 -46.68907277118105 107.5
194.47398407953534 46.68907277118105 107.5
-190.21130325903076 -61.80339887498938 110
190.21130325903076 61.80339887498938 110
-184.77590650225736 -76.53668647301794 112.5
184.77590650225736 76.53668647301794 112.5
-178.20130483767358 -90.79809994790934 115
178.20130483767358 90.79809994790934 115
-170.5280328708184 -104.49971294318982 117.5
170.5280328708184 104.49971294318982 117.5
-161.80339887498948 -117.5570504584946 120
161.80339887498948 117.5570504584946 120
-152.08119312000628 -129.88960966603665 122.5
152.08119312000628 129.88960966603665 122.5
-141.42135623730954 -141.42135623730948 125
141.42135623730954 141.42135623730948 125
-129.88960966603682 -152.0811931200061 127.5
129.88960966603682 152.0811931200061 127.5
-117.55705045849464 -161.80339887498945 130
117.55705045849464 161.80339887498945 130
-104.49971294318972 -170.5280328708185 132.5
104.49971294318972 170.5280328708185 132.5
-90.79809994790938 -178.20130483767355 135
90.79809994790938 178.20130483767355 135
-76.5366864730179 -184.77590650225736 137.5
76.5366864730179 184.77590650225736 137.5
-61.80339887498951 -190.2113032590307 140
61.80339887498951 190.2113032590307 140
-46.6890727711812 -194.47398407953528 142.5
46.6890727711812 194.47398407953528 142.5
-31.286893008046206 -197.53766811902753 145
31.286893008046206 197.53766811902753 145
-15.691819145569113 -199.3834667466256 147.5
15.691819145569113 199.3834667466256 147.5
-3.6739403974420595e-14 -200 150
3.6739403974420595e-14 200 150
15.691819145569042 -199.3834667466256 152.5
-15.691819145569042 199.3834667466256 152.5
31.286893008046135 -197.53766811902756 155
-31.286893008046135 197.53766811902756 155
46.68907277118113 -194.4739840795353 157.5
-46.68907277118113 194.4739840795353 157.5
61.80339887498945 -190.21130325903073 160
-61.80339887498945 190.21130325903073 160
76.53668647301784 -184.77590650225739 162.5
-76.53668647301784 184.77590650225739 162.5
90.79809994790932 -178.2013048376736 165
-90.79809994790932 178.2013048376736 165
104.49971294318968 -170.5280328708185 167.5
-104.49971294318968 170.5280328708185 167.5
117.55705045849459 -161.8033988749895 170
-117.55705045849459 161.8033988749895 170
129.8896096660368 -152.08119312000616 172.5
-129.8896096660368 152.08119312000616 172.5
141.42135623730948 -141.42135623730954 175
-141.42135623730948 141.42135623730954 175
152.08119312000622 -129.88960966603668 177.5
-152.08119312000622 129.88960966603668 177.5
161.80339887498945 -117.55705045849467 180
-161.80339887498945 117.55705045849467 180
170.52803287081838 -104.49971294318989 182.5
-170.52803287081838 104.49971294318989 182.5
178.20130483767355 -90.79809994790939 185
-178.20130483767355 90.79809994790939 185
184.7759065022573 -76.53668647301808 187.5
-184.7759065022573 76.53668647301808 187.5
190.2113032590307 -61.803398874989526 190
-190.2113032590307 61.803398874989526 190
194.47398407953534 -46.68907277118104 192.5
-194.47398407953534 46.68907277118104 192.5
197.53766811902753 -31.286893008046224 195
-197.53766811902753 31.286893008046224 195
199.3834667466256 -15.69181914556895 197.5
-199.3834667466256 15.69181914556895 197.5
